	ACVRL1	AR	ARID1A	ASNS	ATM	AXL	BAX	BCL2	BCL2A1	BID	BRAF	BRCA2	CDK1	DUSP4	DVL3	EEF2	EEF2K	EGFR	EIF4E	ENY2	ERCC1	ERCC5	ETS1	FASN	FOXM1	G6PD	GAB2	GAPDH	GATA3	INPP4B	IRF1	IRS1	JAK2	LCK	MSH2	MTOR	MYH11	NF2	NOTCH1	NRAS	PARP1	PCNA	PDCD4	PDK1	PEA15	PRDX1	PREX1	PTEN	RAD50	RAD51	RICTOR	SLC1A5	SMAD1	SMAD3	SMAD4	SRC	SYK	TAZ	TFRC	TSC1	XBP1	XRCC1
ACVRL1	1.0	0.014269930859767995	-0.0063068267106273414	-0.09955659730146053	-0.09258696799614909	0.16214884960427675	-0.07506253798022876	0.20100783205445144	0.19085989678046708	0.012039518941464622	-0.1883146152712946	0.28688183672302614	-0.28508631008890484	0.435467320165391	-0.10476888534873462	-0.12515302670553685	-0.18306314610642704	0.14943363342023566	-0.1504884893359527	-0.12393663880519998	-0.1352241565613352	0.10184934709404167	0.2282155802730657	0.05053618640140643	-0.23465660859945986	0.23458560526072467	-0.07232156989173294	-0.13228573935701593	0.2555231395423693	-0.06390075118745397	0.08414298693628726	-0.10993103888339535	0.46358606983995	0.021215414415399814	-0.19307427141997927	-0.17180686356368594	0.1219007241711086	-0.1536977246291462	0.13483024270443408	0.6788941615863294	-0.09539827907807068	-0.271141156979609	-0.06929057301349809	0.20179644130423144	-0.030541673839140394	0.16199240602055817	0.047303009086774865	-0.0989270137908517	-0.15490524855639629	0.008890681421995481	-0.008762543852552998	-0.06834479303379087	-0.1347671480659118	0.06803420613675315	0.11740975737832435	0.06077127476026859	-0.07748255546571228	0.1404991880947782	-0.057325224969442014	-0.23943458685682106	0.0605164362728594	0.03454810311896759
AR	0.014269930859767995	1.0	0.04008888524694903	-0.03412543430787103	0.21468864098461302	-0.04399206824293254	-0.3155601885207423	0.1766452411478781	-0.1396528176902228	0.03363989766756111	-0.024390368126838056	0.011752023432757653	-0.2010880030578518	0.03490702785780519	-0.24845505295670695	-0.057352650302960564	0.17358817961811002	-0.12551506037365295	-0.09017647461836294	-0.004505216418840358	0.08108910623866389	-0.10253295803635755	-0.15294690908648234	-0.05255571817876652	-0.12441808516589783	-0.17598225555805252	0.03155081756385273	-0.02758153651658541	-0.03409218815308753	0.03218366420567342	-0.12509059537979034	0.2141709432506031	0.013530384906734211	-0.2960314399378105	0.09047167960281802	0.11363736791193976	0.040506788656398465	-0.10156994077951569	-0.16744438438974807	0.0669565031262664	0.12669541693221612	-0.15215595260856993	0.3396512949441618	-0.035401439689779456	-0.16182600940327552	-0.15836956155362164	-0.3032405524782064	0.18576662751386616	0.1274544422858809	-0.11482443982567793	0.0994551498820275	-0.09725587357191127	-0.09611779150553389	0.10438349240440296	0.11645898176693471	0.03632025076391275	-0.06236628801111183	-0.1637326492725216	-0.04943762968004569	-0.21002517936628642	0.17060457748205077	0.0004529478396550781
ARID1A	-0.0063068267106273414	0.04008888524694903	1.0	0.15511328381934075	0.08400602778483138	-0.12820344657136065	-0.280157904006819	-0.08210944510542562	-0.27724786902853854	-0.3103390491424132	0.3548963923471621	0.006365005538269135	0.21180938591025186	0.19548533637992438	0.128344626257917	-0.037617008315086006	0.12739969840695622	-0.20024142474173776	-0.013887564809774966	0.26618114674311266	-0.025812100939200357	0.25176228841235293	-0.25534564235269835	0.07147102385646316	0.3533621601824011	-0.18522623166117275	0.11374460178744639	-0.02245279688505076	-0.14668329009439227	-0.19770857129439676	-0.010444892025829098	-0.08336432666210353	0.12588826003635872	-0.35240680256875345	0.44301355008189236	0.24771273842984368	-0.18974164000681187	-0.17034976214788713	-0.0738668536010947	0.014851134889036803	0.3856999360671101	0.11391868445501985	0.0924843326686165	-0.07124392133298743	-0.25626796755360026	-0.09960013801316588	-0.053342319144136396	-0.11404189527606474	-0.05643491928902351	-0.016295048067547852	0.0923356422115143	0.17803773937076517	0.12704771083358649	0.08588814764157944	0.08461491962524503	-0.12857921268239608	0.17385084982463309	-0.1450089565587066	0.16230391825649787	-0.0017891927696706827	-0.1538043059072478	0.42144750963812333
ASNS	-0.09955659730146053	-0.03412543430787103	0.15511328381934075	1.0	-0.0018759577766452073	-0.1132969430792831	0.04598975760088638	-0.11110708987125968	0.02232626053276893	-0.15500716762540892	0.2690443100961626	0.012205815346060689	0.2702261696895763	0.04771544221536715	-0.021858594716670617	0.12312688512898946	0.08146913689038536	-0.06905342148036443	0.0164591960886599	0.20139117642593776	-0.028615217191761955	0.08629865069403327	-0.15096973678028497	0.3177012013147702	0.3621767554468338	0.0833696905009953	0.05391645673431096	0.15061035178086737	-0.1061908299259585	-0.16990700863541983	0.07212159360259383	-0.23366339617699797	0.06415922666016984	0.002501141328870619	0.2965158301729686	0.2462402436590997	-0.17234407851088396	0.01666128344429842	-0.08500540994251783	-0.06013997249457077	0.3156676753543359	0.3213535566493231	-0.10869524489993979	-0.07604736786752594	0.007166522007363659	0.11895400969849702	-0.013756529753572378	0.0056104380752088085	-0.0427975673863386	0.15126710304229765	-0.11252260406700756	0.36440453068266027	0.11883367054500103	-0.19509246291075902	-0.06421850057949997	-0.12198231631741782	0.2373515416419769	-0.19827785256493333	-0.06638489092292427	0.2855640707863726	-0.22402012389229511	0.20165392427988157
ATM	-0.09258696799614909	0.21468864098461302	0.08400602778483138	-0.0018759577766452073	1.0	0.0634707622582504	-0.2687991763167686	0.06989893536994711	-0.30069060505251244	-0.1933484360357648	0.10241826616216006	0.056800840060841164	-0.12289949004651556	0.05196565189570394	0.0773894343164939	0.20701627736681252	0.13750292021101168	-0.20423795862824032	-0.2645429772536118	0.09705186335250506	0.16880962775487798	0.07506468952106458	-0.13914102770211245	0.06892338686367847	0.08180582675939481	-0.2097750548638979	0.16862214487331262	0.03825497363839113	-0.05759235308241352	0.07243461104343006	0.028365112047393802	-0.037093833839227854	0.22981338481380895	-0.06539041886165047	0.3500808463804697	0.40354389006392044	-0.04853615602975472	0.11653476230235385	-0.20560838207033633	-0.12315404939961005	0.14376100041056178	-0.04929753275267533	0.23715042212555593	-0.23850748370939814	-0.13681515648506404	-0.16514194704114854	0.10127738443548338	0.14649687855917815	0.43400209193612205	-0.16085114640856013	0.1345003131456529	0.0456185282410145	0.01600009783853693	0.05016270482841303	-0.11760377539987264	-0.0076291058440784015	0.1320810697035448	-0.33095341933271405	0.31241381994800266	0.0737880749085386	0.1353329193455505	0.024447007871831475
AXL	0.16214884960427675	-0.04399206824293254	-0.12820344657136065	-0.1132969430792831	0.0634707622582504	1.0	0.11243666671061252	0.22832017277024483	0.05891331791182298	-0.12508142595517838	-0.17859771218410656	0.031646124469448284	-0.18580551627172417	-0.1082295324580349	0.10903914029963443	0.015447609994116075	-0.11558446142309618	0.01027899076619223	-0.2095754126335775	-0.2530185552777288	-0.057035195162621954	0.09762393487301506	0.18924457685448665	-0.02725802898567775	-0.1035195233327746	0.06922711851718845	-0.0321226875391267	-0.16848569863232213	0.002278009482139003	0.15070764405513548	0.10635560293706474	0.02206267294612035	0.36000061034741176	0.2526816100826789	-0.11847221054020807	-0.145897613965664	0.1660692060708152	0.008510712919662876	0.07631007357002705	0.11736767520734936	-0.18087362143389268	-0.11328707321756906	-0.13086322575327708	-0.02959435122414528	0.09562245098225142	-0.10205707005247541	0.354657106371062	0.1920774043659512	-0.11943552060908773	-0.07570722364674481	0.05049472497962461	0.008200245859328452	-0.02367582934312379	-0.027268768888570973	-0.14220823228096258	0.09770513474412253	-0.10911441478332529	0.13794586509421067	0.15711532557595548	-0.07231554028017073	0.2638416167622964	-0.1720259773857433
BAX	-0.07506253798022876	-0.3155601885207423	-0.280157904006819	0.04598975760088638	-0.2687991763167686	0.11243666671061252	1.0	0.1629269425666157	0.3584863439786296	0.2903784123448966	-0.16652284578144058	-0.10821437044958153	0.16846280524263418	-0.29227890455240774	0.06929307903226449	0.04450873235907208	-0.24241100607425364	0.23642688899767064	0.23508919400077763	-0.03495557439926817	-0.19443089648894207	-0.06600013262054266	0.3182168414022266	-0.018478467485016258	-0.013880574562606688	0.22771538367175953	-0.16331296847683413	0.07599949349469537	0.18690864313166117	-0.20714348022068635	0.0011599420660924546	0.12377291084374234	-0.2549951411161096	0.4722464380936459	-0.26242317247905855	-0.24096950424511554	0.029567004567032422	0.045162393870221994	0.35716369588130614	-0.10257040807044905	-0.13649411817437104	0.2749481452970348	-0.3967761510089033	0.14692888938684298	0.41798848747777917	0.22812811330655128	0.2177256875791905	0.05511239664656432	-0.14966166062824232	0.005958640791272159	-0.1665820521956351	0.1432558700256622	-0.05965839592220567	0.027970706877763107	0.1777997001813493	0.16439713039096443	-0.05562548723237166	0.3113273943464508	-0.0737614619386937	0.17039953889525017	-0.272166691188086	0.09351999595754536
BCL2	0.20100783205445144	0.1766452411478781	-0.08210944510542562	-0.11110708987125968	0.06989893536994711	0.22832017277024483	0.1629269425666157	1.0	0.1168803794441302	0.12208163749689208	-0.16968955321000265	-0.0626300417127097	-0.17783852003786813	-0.028357091121818674	-0.20090104392457003	-0.07218336025382467	-0.046096919164442016	0.10982026479186804	-0.06387127815391484	-0.0416978333657254	-0.19343274851878506	0.08812271852496348	0.1463539439411296	-0.05217718081596506	-0.11204315293617018	0.14544249728684783	-0.12819748236278905	-0.09122061537527129	0.2406351981548783	-0.2098688551931646	0.031599684660263215	0.22881425273126854	0.13223064999135528	0.26554081960619197	-0.04972436349303328	-0.1515995066555971	0.18247967850718508	-0.03443630121193976	0.20973852349784328	0.14934868219088723	-0.008493954067813184	0.08993059931053386	0.057067880045427594	0.06683867794044197	0.13885733428050662	0.13210410392013547	0.05899170443395318	0.04002971627528084	-0.05970638573033856	-0.062454106759861405	0.015619102336836182	0.02830689338009796	-0.21834229145667788	0.21872283352157176	0.3180956353895638	0.04672362315931261	0.01914976647724419	0.03390667391531714	0.12368766994015305	-0.16588850575176875	-0.1319287918504265	-0.006186524362641233
BCL2A1	0.19085989678046708	-0.1396528176902228	-0.27724786902853854	0.02232626053276893	-0.30069060505251244	0.05891331791182298	0.3584863439786296	0.1168803794441302	1.0	0.3605994244613571	-0.3776442934592214	0.047385697783861196	-0.051757512517262245	-0.07906823545593394	-0.1820848474365492	-0.06921397586673544	-0.26025998740336853	0.287650426228981	0.07318401261723928	-0.12722913532571373	-0.07135871690034541	0.015188671907369016	0.50084119201083	-0.02813578487720488	-0.2696585481943777	0.1893400607357352	-0.16846589197625628	-0.05069883828050853	0.20382146871913115	0.03688479650917989	0.18549432910458233	0.20358769828579126	-0.12146009524774436	0.21563134894331978	-0.3479321983300903	-0.41742265676746715	0.1730137617759618	-0.14095955910196864	0.22896031152416543	0.12831254274856418	-0.2275726214300857	0.004794300203739783	-0.30731817381285814	0.23890963363932785	0.2171675481321514	0.16869120370267188	-0.05672660035796473	0.0009516941007659568	-0.1689961171607812	0.28781025469748567	-0.04363014110499931	-0.003402178403173468	-0.1040838274798738	0.07741232447256755	0.29783034991200225	0.1478905599760484	-0.20809040461002384	0.34343330747289136	-0.19043811727791	-0.09833107658408524	0.10819003997666864	-0.020025902417742873
BID	0.012039518941464622	0.03363989766756111	-0.3103390491424132	-0.15500716762540892	-0.1933484360357648	-0.12508142595517838	0.2903784123448966	0.12208163749689208	0.3605994244613571	1.0	-0.3981829469526793	0.12272239979675036	-0.09407984767696666	-0.3011017363152625	-0.26348935683389096	0.011148199034009695	-0.11813102581381503	0.2391926358347487	0.044266773237969445	-0.20185305425043254	0.00485377831849371	-0.14724678546677356	0.40283580457342616	-0.15990198458431898	-0.23657894021554315	-0.028640039607124187	-0.10812756497516302	0.01336582593502514	0.14539491754796618	0.0651425087910135	-0.038055618407748106	0.38391850268980116	-0.27945662869778015	0.19561891271172382	-0.31621848714720624	-0.3489497715005354	0.09336346721147502	0.07287286294991412	0.4840318471094619	0.09544869212789524	-0.1998816067562315	-0.035799576565534626	-0.2802528865389066	-0.004034707735016737	0.1151171328238581	-0.03993362461937973	-0.14605747149816214	-0.03751798169398625	0.044155488570133905	0.2962899601217037	-0.10420255232978992	-0.15242065925817322	-0.28368629721871624	0.15637394583876355	0.19003943553317873	0.24085088744179933	-0.24438073752469844	0.35418494298139996	-0.3001975694191477	-0.12681620888857734	0.19007940861516762	-0.08089131735222685
BRAF	-0.1883146152712946	-0.024390368126838056	0.3548963923471621	0.2690443100961626	0.10241826616216006	-0.17859771218410656	-0.16652284578144058	-0.16968955321000265	-0.3776442934592214	-0.3981829469526793	1.0	-0.16489815638594785	0.19147990522003772	0.040157680220190464	0.25398300521970246	0.07438043132221399	0.3451532342855134	-0.2074471805503333	-0.022334727449883664	0.14332325125175463	0.1008071327492759	0.002115921069731199	-0.5049814792298921	0.18174615127445531	0.3520251691359066	-0.06406860072666037	0.3858616042788523	0.13030707298703376	-0.14454592171748099	0.06046414097115274	0.0731333080744157	-0.14292596177038186	0.0672164735961537	-0.21950172268481832	0.39388655899708597	0.5219865558063015	-0.25520454091247335	-0.09219024686507202	-0.1915321388834571	-0.1446814429702326	0.2433762738710567	0.12633349992971968	0.08223656292427683	-0.24034161249835684	-0.11600559855189524	0.013751243834787758	-0.0033641490720520808	-0.012208424567145713	-0.004260319444198917	-0.21620720685042394	0.213706685563971	0.2124732438677397	0.21102336276726497	-0.24691278034063735	-0.16419085992277085	-0.2899200971490961	0.3344470565455875	-0.34366121335082633	0.27646639069361784	0.22326689124973292	-0.11996958582333253	0.09097544105118903
BRCA2	0.28688183672302614	0.011752023432757653	0.006365005538269135	0.012205815346060689	0.056800840060841164	0.031646124469448284	-0.10821437044958153	-0.0626300417127097	0.047385697783861196	0.12272239979675036	-0.16489815638594785	1.0	0.004035289656821544	0.3489532957800712	-0.03162746049949445	-0.08954712520083073	-0.17220092648069532	-0.21444994921762464	-0.11915455414077132	0.06125960882995865	0.12548382597311106	-0.01494078478240009	0.01609087443284531	0.041674938333207664	-0.015996962226411324	0.05670898571217795	-0.11692638305931538	-0.10452287858410468	-0.04642159543083956	0.0056892238960967135	-0.1043204150992599	-0.11559962523657454	0.21862657954619422	-0.11164766167769526	0.038277935085710396	-0.19399951145197852	0.201937470794517	0.0719514052203163	0.07139223582080506	0.3146880705685838	0.05850276401916842	-0.218257951725745	-0.1102387919062458	0.16891271376247283	-0.0020374304104025503	-0.15693775131057786	0.17952219551452558	-0.054993417397049375	-0.03021576825347943	0.06610438487629666	-0.006409124533625292	0.010277668795606472	-0.09399505111854407	-0.04299261296320183	-0.11872096049202169	0.12365259249852457	-0.09733815672880901	0.2030721221973114	-0.19498576928115455	-0.10356117308680753	0.14036260389481026	0.008982620815281504
CDK1	-0.28508631008890484	-0.2010880030578518	0.21180938591025186	0.2702261696895763	-0.12289949004651556	-0.18580551627172417	0.16846280524263418	-0.17783852003786813	-0.051757512517262245	-0.09407984767696666	0.19147990522003772	0.004035289656821544	1.0	-0.04948156681614779	0.051727799933988135	0.03215145921759233	-0.030104906991538827	-0.09922788436164788	0.1586384290004167	0.2481444925297273	0.025458167971804457	-0.08863237611560928	-0.2365571604944891	0.1728435356987848	0.6611456495745386	0.06535872538681885	-0.0002671487129835787	-0.005153718917673401	-0.1889673404038602	-0.25467384766935436	-0.09219203102126625	-0.13037918414352243	-0.1945891553303345	-0.06434512143142747	0.34997760384742926	0.05187677604031802	-0.15884261705835662	-0.1110367186475397	0.03465248715023174	-0.1699478474893108	0.31130168059777524	0.4645953676863722	-0.15295157438345847	-0.03893899625633719	-0.0991811001570731	-0.052348272288731484	-0.10019824558088226	-0.12833193384497918	-0.2046129133872952	0.25554153923876916	-0.058723996408449865	0.30004004118926103	0.19915730411686688	-0.10019912053155987	0.011678205545887025	-0.0401463988690746	0.17024321423383512	-0.06756831024271337	0.019135971867771585	0.36845701330911124	-0.2841809226102475	0.2045284002036611
DUSP4	0.435467320165391	0.03490702785780519	0.19548533637992438	0.04771544221536715	0.05196565189570394	-0.1082295324580349	-0.29227890455240774	-0.028357091121818674	-0.07906823545593394	-0.3011017363152625	0.040157680220190464	0.3489532957800712	-0.04948156681614779	1.0	-8.589229550724074e-05	-0.1370008954524469	0.017243286893154953	-0.0796349365043677	-0.11569119691790189	0.2956338764782579	0.10206624877616069	0.1061331450774472	-0.15575697418346898	0.16207077560797878	-0.0033861025871781154	0.03586598400896823	-0.036187724809891866	-0.12841074338483208	0.1498027202656359	-0.01299127414944548	0.07375467136912858	-0.1632788707818761	0.36466454088709305	-0.1424220351951082	0.17873958983127558	0.08741766190570131	-0.11015598281994728	-0.22934742210075248	-0.09729587132775114	0.4272442738007172	0.1577403815634267	-0.1741923652445725	0.2365971349046592	0.14737120754414834	-0.1695384701045106	0.08803656178290828	0.16448417423602027	-0.16382000100799757	-0.08774667300701519	-0.06960716661568725	-0.07277695347630463	0.021807045233039384	0.042580059573160224	-0.001180067873464421	-0.002587221169744143	-0.020499040479293	0.07922908510991236	-0.21453772796694343	-0.024063344216456607	-0.14198077754323227	-0.022051424246840094	0.19738737308715587
DVL3	-0.10476888534873462	-0.24845505295670695	0.128344626257917	-0.021858594716670617	0.0773894343164939	0.10903914029963443	0.06929307903226449	-0.20090104392457003	-0.1820848474365492	-0.26348935683389096	0.25398300521970246	-0.03162746049949445	0.051727799933988135	-8.589229550724074e-05	1.0	0.030778914908459125	0.015442526563123199	-0.09703273364430819	-0.05502569899864606	0.09074785714077745	-0.009976836392895013	0.03261433486417368	-0.1155939866651499	0.10747006021087191	0.12101818677029148	-0.09107501729649498	0.21833907215850804	-0.06996607739903567	-0.15360374154823564	0.09400521141055325	0.04653047146106701	-0.06252071820072844	-0.0013265755190580975	-0.04838239819554762	0.07418906149608405	0.13373800692010585	0.0071009864588632045	0.10202821875575516	-0.1132527720970881	-0.13755690842720084	-0.06903758321988919	0.0022878127941291103	-0.019566714394813264	-0.14633888147523533	0.11497551017081027	-0.046448713185063384	0.08570174587189801	0.04829909640393536	0.011705823542459482	-0.15536587573914315	0.08493632411615074	0.14657667748342712	0.0969984858762493	0.08499776961888084	-0.010553464552265579	0.002384605227385514	0.09448684264113548	0.0925332055229923	0.24708191854795827	0.1713752649282857	-0.09756348864883994	0.08087735782878272
EEF2	-0.12515302670553685	-0.057352650302960564	-0.037617008315086006	0.12312688512898946	0.20701627736681252	0.015447609994116075	0.04450873235907208	-0.07218336025382467	-0.06921397586673544	0.011148199034009695	0.07438043132221399	-0.08954712520083073	0.03215145921759233	-0.1370008954524469	0.030778914908459125	1.0	0.33874760083898214	-0.01454300081406172	0.00042386090620351216	-0.05163723604014791	-0.0554354056752336	-0.10896092098573676	-0.031239817126076756	0.22239507530717717	0.08881415424574925	0.04890787760456537	0.03101382910059179	0.2662390444037197	0.00685422779953156	-0.03900999984031346	0.0039502996641897214	-0.09301857345119029	-0.007889634484403623	0.10012683124362036	0.11827653689646236	0.1716326355267671	-0.22236365285404247	0.05220533985033046	0.08377931522977385	-0.09667448434314364	0.016181787854416922	0.20061588858791693	-0.17318634828910834	-0.14082323720499978	0.07891719100782911	0.09288492300296218	0.03218039750425105	0.08780666314841505	0.10759448380150251	0.02924983709905453	-0.06677933404255831	0.22790639972289256	0.09571360841960616	-0.14614191081123215	-0.05633901489629731	-0.05098137695483716	0.061338688495383195	-0.02830992105614665	-0.0018796045647193338	0.2675881178393438	0.0022458461371276024	0.04416708628898668
EEF2K	-0.18306314610642704	0.17358817961811002	0.12739969840695622	0.08146913689038536	0.13750292021101168	-0.11558446142309618	-0.24241100607425364	-0.046096919164442016	-0.26025998740336853	-0.11813102581381503	0.3451532342855134	-0.17220092648069532	-0.030104906991538827	0.017243286893154953	0.015442526563123199	0.33874760083898214	1.0	-0.08347955275649634	-0.02713663386837215	-0.04277932954477925	-0.05921806682346694	0.03445509413202888	-0.3083708232031628	0.017849419515480677	0.0935694763717644	-0.11562649558412687	0.2469727257829367	0.1413831660047996	-0.03877120756343203	0.1028153855002836	0.2202843402791377	-0.051327113966603846	0.04451816027275506	-0.08940911928647283	0.16680179858105262	0.3194316537585183	-0.27847341874924003	0.026113593208316126	-0.12171424779983593	-0.001955721209775243	0.09587664361260229	-0.012214017792973018	0.12655907641735423	-0.11976331918600261	-0.016250507226388117	0.038914009579789514	-0.027269643604538207	0.0505857610792635	0.1738351019942252	-0.10643209960891759	0.08966078938003143	0.16840363485007437	0.16701991689017798	-0.24484784611177315	-0.15663131458760113	-0.27000621945067793	0.23352974737939364	-0.2641630954878422	0.043956761288164184	0.07829995104223277	-0.14971535248158402	-0.016231689402351708
EGFR	0.14943363342023566	-0.12551506037365295	-0.20024142474173776	-0.06905342148036443	-0.20423795862824032	0.01027899076619223	0.23642688899767064	0.10982026479186804	0.287650426228981	0.2391926358347487	-0.2074471805503333	-0.21444994921762464	-0.09922788436164788	-0.0796349365043677	-0.09703273364430819	-0.01454300081406172	-0.08347955275649634	1.0	0.17416033259314054	-0.10552846205518575	-0.1751571063664158	-0.015097062240530125	0.3841779695257539	-0.12436236232920637	-0.2278623233701685	0.17788476137290435	-0.1745534858584455	-0.10399011784171193	0.24264904414547833	-0.0443080307937372	0.08694106180253353	0.18949541730560537	-0.11262427264563506	0.18786589498552297	-0.2770615095933627	-0.2738528962160286	0.001925585598244579	-0.1870530333889297	0.206493645979069	0.0990082208239712	-0.20404624824658707	0.0333448913073092	-0.07622947512428821	0.20398710171045117	0.11096665107686982	0.1933413398061721	-0.043665922869145286	-0.08487967160467597	-0.06543493094882025	0.14734562629317194	-0.07286508762564714	-0.07886333972241956	-0.1236752513589064	0.15229296739376974	0.15069513971914233	0.1385752328833524	-0.3020799190525324	0.33041283419132256	-0.03253176677175346	-0.01974607858774111	-0.11130792175367375	-0.06513197523981497
EIF4E	-0.1504884893359527	-0.09017647461836294	-0.013887564809774966	0.0164591960886599	-0.2645429772536118	-0.2095754126335775	0.23508919400077763	-0.06387127815391484	0.07318401261723928	0.044266773237969445	-0.022334727449883664	-0.11915455414077132	0.1586384290004167	-0.11569119691790189	-0.05502569899864606	0.00042386090620351216	-0.02713663386837215	0.17416033259314054	1.0	0.053579555057840685	-0.17299441339237337	-0.10916292027077866	0.0003738692416163949	0.05457894296322705	-0.08673193385917086	0.10034173859088427	-0.14265638630798647	0.0405490336473051	0.05843271451033136	-0.12027121338751116	-0.081673102178072	0.07372169594551145	-0.31619339393980384	0.07753860075733005	-0.2215536264811875	-0.1609495272448776	-0.050433693974313853	-0.050278782706345525	0.1225663780470718	-0.12516349375707692	-0.07013058457547663	0.05573796080465816	-0.16170983902934807	0.28954167900146915	0.08431479490672988	0.11563065204192423	-0.07292102313573359	-0.06393682351011004	-0.08300371478876471	-0.01751241364382542	-0.1115003154523916	-0.04778131323140931	0.23408041109773847	-0.13084465077677102	0.11418521973678421	0.02628432563242212	-0.04703574921537075	0.0834286139737868	-0.062275189845256367	-0.0457323617783293	-0.3461257465640655	-0.0012670117018465541
ENY2	-0.12393663880519998	-0.004505216418840358	0.26618114674311266	0.20139117642593776	0.09705186335250506	-0.2530185552777288	-0.03495557439926817	-0.0416978333657254	-0.12722913532571373	-0.20185305425043254	0.14332325125175463	0.06125960882995865	0.2481444925297273	0.2956338764782579	0.09074785714077745	-0.05163723604014791	-0.04277932954477925	-0.10552846205518575	0.053579555057840685	1.0	0.05245192815889668	0.09904763892136312	-0.24964392338516697	0.13327695300860085	0.29563056469770366	-0.17805777815704615	0.07619567430114464	0.054670610903967624	-0.15015059308358739	-0.23784506663200966	-0.14709067053582736	-0.0738826706973467	-0.02982703318836366	-0.20677502807633547	0.3893052242665015	0.2605357020493163	-0.18090137412910615	-0.14701433956841714	-0.08581763505713426	-0.14177693890071705	0.4843163549601114	0.23457700853540692	0.1762395768242875	0.09106074824530941	-0.07930744754856232	0.09799766554713882	-0.05676551658898423	-0.20312135583972799	0.10319746128987145	-0.011965784995820657	-0.13171616592421415	0.19181590045858962	0.10117652357654687	0.08342994520404232	0.07808636677953061	0.021206682082536323	0.1870974765378681	-0.1793482524193588	0.09338218961921789	0.256761191859788	-0.24297963982847284	0.4015637550595186
ERCC1	-0.1352241565613352	0.08108910623866389	-0.025812100939200357	-0.028615217191761955	0.16880962775487798	-0.057035195162621954	-0.19443089648894207	-0.19343274851878506	-0.07135871690034541	0.00485377831849371	0.1008071327492759	0.12548382597311106	0.025458167971804457	0.10206624877616069	-0.009976836392895013	-0.0554354056752336	-0.05921806682346694	-0.1751571063664158	-0.17299441339237337	0.05245192815889668	1.0	-0.1452410038670347	-0.10119158243171968	-0.1472897194231949	-0.09228450403035973	-0.17962687058830298	0.07394243187154607	-0.04414478114840397	-0.011202881473186653	0.2823300804575037	-0.17223336311099663	0.07081971261624093	-0.04405968578609611	-0.21982222095907433	0.14032824580233103	0.14187852991008207	0.003066701308463922	-0.006594339444813876	-0.12533747221067426	-0.18520427079230495	-0.00254656838004488	-0.15787523064147985	0.14106587815007937	-0.20447005338447763	-0.10317671895188867	-0.17487392437088095	0.0041685162596109306	0.0605590557656291	0.05129058742958366	0.15031424141012809	0.04032993766532193	-0.10770196841722866	-0.06686527652582129	0.02743303476266168	-0.1313005378565636	-0.020441737228425176	0.06135494693427271	-0.15538244019295208	-0.0016564915665799533	0.0042296276918858036	0.4941730572977667	-0.0954465459259238
ERCC5	0.10184934709404167	-0.10253295803635755	0.25176228841235293	0.08629865069403327	0.07506468952106458	0.09762393487301506	-0.06600013262054266	0.08812271852496348	0.015188671907369016	-0.14724678546677356	0.002115921069731199	-0.01494078478240009	-0.08863237611560928	0.1061331450774472	0.03261433486417368	-0.10896092098573676	0.03445509413202888	-0.015097062240530125	-0.10916292027077866	0.09904763892136312	-0.1452410038670347	1.0	-0.015315376728617804	0.028445020642105828	0.0777017061115938	-0.1018588676820401	-0.10915651572021855	0.024572061903445526	0.029010948805255045	-0.08885179568973534	0.2526498376274343	-0.11616567721482729	0.19508895591640507	0.013265959677693543	0.10589895136614558	0.006725737738149035	-0.05340608070856021	-0.03307497835017486	-0.06331112855991879	0.12082223875445858	0.14671849696627182	-0.004575293042144416	0.10571259576452532	-0.031167739821576848	-0.055679943555787044	0.0400847346308992	0.009779548553759801	-0.04818852620068667	-0.04568880672984528	-0.06950566245738136	-0.12457233031047824	0.026496378754627202	0.011270746239312568	-0.012143350316629947	0.09078131203147322	-0.11072713732136595	0.08175428010126509	-0.0681558903896981	0.008583085689927399	-0.0028801835868013407	-0.13904320110838028	0.13989516594603804
ETS1	0.2282155802730657	-0.15294690908648234	-0.25534564235269835	-0.15096973678028497	-0.13914102770211245	0.18924457685448665	0.3182168414022266	0.1463539439411296	0.50084119201083	0.40283580457342616	-0.5049814792298921	0.01609087443284531	-0.2365571604944891	-0.15575697418346898	-0.1155939866651499	-0.031239817126076756	-0.3083708232031628	0.3841779695257539	0.0003738692416163949	-0.24964392338516697	-0.10119158243171968	-0.015315376728617804	1.0	-0.13834326001591948	-0.3411375957816521	0.1879034319828864	-0.22525077278402775	-0.03139814342251978	0.3428196117803193	0.06312036610636722	0.14614734344036576	0.22343969501728528	-0.013424345648728719	0.2912988510908302	-0.4573850162430906	-0.43512910066871313	0.16404424704413656	0.04142029961702194	0.24763224350104876	0.14618649317955082	-0.23590603096908333	-0.1023112219551544	-0.26909691793859314	0.2189741670900445	0.15858790413505544	0.13804258580241346	0.12289794574019453	0.08622525748458565	0.06230274102976432	0.2701338090210288	-0.10048742416056056	-0.06477498071138359	-0.19671833298487224	0.13977856620157383	0.24527669930866214	0.1438493073773569	-0.3075243119447555	0.3938026505817472	-0.1301747173737411	-0.13638044103486135	0.21174873185633136	-0.031145594203432415
FASN	0.05053618640140643	-0.05255571817876652	0.07147102385646316	0.3177012013147702	0.06892338686367847	-0.02725802898567775	-0.018478467485016258	-0.05217718081596506	-0.02813578487720488	-0.15990198458431898	0.18174615127445531	0.041674938333207664	0.1728435356987848	0.16207077560797878	0.10747006021087191	0.22239507530717717	0.017849419515480677	-0.12436236232920637	0.05457894296322705	0.13327695300860085	-0.1472897194231949	0.028445020642105828	-0.13834326001591948	1.0	0.3072079045216715	0.17386728829611553	0.038200632136757874	-0.016124818202985596	-0.05909158551275272	-0.16514144944092501	0.10662816987966328	-0.24154030950541855	0.11396170013477314	0.10805964164449763	0.2077790171207186	0.16771432522269314	-0.15718627546783503	0.01615136893160097	0.058857757649832414	0.08783638765962196	0.16813948660533534	0.20767796382369816	-0.19045564668413625	-0.02025952944684128	-0.08354660501238317	0.10655776878964196	-0.031078941381540486	-0.07014006355850565	-0.09253614405619225	0.03357924717479962	-0.09831667701358875	0.3548796269853925	0.10338614993948222	-0.03236132511246207	0.10448360925401412	0.06174049310047208	0.1715784765530973	-0.07624911999422994	0.021785757582951638	0.2805234553517854	-0.18286715402395762	0.13515184474966402
FOXM1	-0.23465660859945986	-0.12441808516589783	0.3533621601824011	0.3621767554468338	0.08180582675939481	-0.1035195233327746	-0.013880574562606688	-0.11204315293617018	-0.2696585481943777	-0.23657894021554315	0.3520251691359066	-0.015996962226411324	0.6611456495745386	-0.0033861025871781154	0.12101818677029148	0.08881415424574925	0.0935694763717644	-0.2278623233701685	-0.08673193385917086	0.29563056469770366	-0.09228450403035973	0.0777017061115938	-0.3411375957816521	0.3072079045216715	1.0	0.005856562190149826	0.13321704746681878	0.21586273983504323	-0.25432087090832545	-0.35378223137692255	0.014358746401802352	-0.2022576382296487	-0.040270834580067624	-0.053557925584579835	0.5363904862515955	0.28317833853229857	-0.2446235834532356	-0.015049091594329442	-0.016747269912895348	-0.10662804287520246	0.4466397837508881	0.5026845770823356	-0.06698461625046895	-0.05063767439972168	-0.12320881748111832	-0.024444230151648587	-0.005053280012312021	-0.08197871536646469	-0.111082119790856	0.1286112802142763	-0.03858320240687567	0.4394859875354194	0.17060967378060637	-0.07426197609927199	-0.041514696927021595	-0.1460855709154787	0.3449277651517067	-0.11468852218959168	0.0692650772087286	0.42357000550550455	-0.3307937364077133	0.26388154423294463
G6PD	0.23458560526072467	-0.17598225555805252	-0.18522623166117275	0.0833696905009953	-0.2097750548638979	0.06922711851718845	0.22771538367175953	0.14544249728684783	0.1893400607357352	-0.028640039607124187	-0.06406860072666037	0.05670898571217795	0.06535872538681885	0.03586598400896823	-0.09107501729649498	0.04890787760456537	-0.11562649558412687	0.17788476137290435	0.10034173859088427	-0.17805777815704615	-0.17962687058830298	-0.1018588676820401	0.1879034319828864	0.17386728829611553	0.005856562190149826	1.0	-0.18742315802147871	-0.01917535600723846	0.2436347818009675	-0.18894582948770997	0.04763523976761244	-0.16101226954175576	0.05843760318373075	0.28036807161079746	-0.11815152538445763	-0.27107798576452324	0.07031924954965887	-0.012673298159025383	0.08637321117104306	0.3564680655356082	-0.11543767527793634	0.2703840858973317	-0.28308849037412753	0.21037952351799558	0.17799139960914132	0.29760415266178447	0.07900432599687025	0.030866841549220085	-0.3478402853706486	0.15119857734025485	-0.16427281748401185	0.025632137052272103	-0.02897428158865618	0.005930048874869421	0.17162130118256047	-0.001781854517267725	-0.09811158690875475	0.19336389528437906	-0.11469591114075331	0.10875060639819151	-0.09719367590490499	-0.03266243193119637
GAB2	-0.07232156989173294	0.03155081756385273	0.11374460178744639	0.05391645673431096	0.16862214487331262	-0.0321226875391267	-0.16331296847683413	-0.12819748236278905	-0.16846589197625628	-0.10812756497516302	0.3858616042788523	-0.11692638305931538	-0.0002671487129835787	-0.036187724809891866	0.21833907215850804	0.03101382910059179	0.2469727257829367	-0.1745534858584455	-0.14265638630798647	0.07619567430114464	0.07394243187154607	-0.10915651572021855	-0.22525077278402775	0.038200632136757874	0.13321704746681878	-0.18742315802147871	1.0	0.0650042102691015	-0.07138450673489834	0.1676697003932513	0.2195313997623841	-0.04008838103250618	0.043906736816395966	-0.13802887310281275	0.06056847725920684	0.27812169143187604	-0.19151510101805705	0.0743480118885777	-0.1114929781309714	-0.08853953677461457	0.06294841335649862	0.015200350954506734	-0.01629025090798781	-0.1091748626893781	-0.02799152900618375	-0.0402594440460927	-0.058556555515823075	0.01625141130786249	0.20759158122818974	-0.10224118732738033	0.0863635340996285	0.23119599242697897	0.23389847414680215	-0.0895366465316491	-0.10523843881900327	-0.24988150705864412	0.23999675187666333	-0.12408847652061131	0.08479398506172824	0.08310064639884306	-0.005761973342509694	0.018044655892890567
GAPDH	-0.13228573935701593	-0.02758153651658541	-0.02245279688505076	0.15061035178086737	0.03825497363839113	-0.16848569863232213	0.07599949349469537	-0.09122061537527129	-0.05069883828050853	0.01336582593502514	0.13030707298703376	-0.10452287858410468	-0.005153718917673401	-0.12841074338483208	-0.06996607739903567	0.2662390444037197	0.1413831660047996	-0.10399011784171193	0.0405490336473051	0.054670610903967624	-0.04414478114840397	0.024572061903445526	-0.03139814342251978	-0.016124818202985596	0.21586273983504323	-0.01917535600723846	0.0650042102691015	1.0	-0.10185185791525843	-0.03922574028313339	0.08944349912717725	-0.12245692862886735	-0.08704029970826557	-0.00797899165899134	0.08002855581712896	0.23260793786687406	-0.2496277457533292	0.19284083935896573	-0.16584911440638223	-0.1428851778778644	0.019860909413309025	0.23478404606863704	-0.02109296104219195	0.020340157876936826	0.2435387912290891	0.2575597631331393	0.005405383651040198	0.1298508661114176	0.21163714870403288	-0.07920083057779947	-0.12917826593151813	0.04831669266822148	0.124727988563635	-0.21311395217485746	-0.19439203471783245	-0.3426039865041854	0.24531894603468987	-0.14821460927404065	-0.05317591493452825	0.24209284343372403	-0.14376220175870683	0.0008898144816162623
GATA3	0.2555231395423693	-0.03409218815308753	-0.14668329009439227	-0.1061908299259585	-0.05759235308241352	0.002278009482139003	0.18690864313166117	0.2406351981548783	0.20382146871913115	0.14539491754796618	-0.14454592171748099	-0.04642159543083956	-0.1889673404038602	0.1498027202656359	-0.15360374154823564	0.00685422779953156	-0.03877120756343203	0.24264904414547833	0.05843271451033136	-0.15015059308358739	-0.011202881473186653	0.029010948805255045	0.3428196117803193	-0.05909158551275272	-0.25432087090832545	0.2436347818009675	-0.07138450673489834	-0.10185185791525843	1.0	-0.029334720701491204	0.08861967805526194	0.09508320328830995	0.015419613254328115	0.29057835504563195	-0.24267510544420628	-0.17267390197029148	-0.027252718770301804	-0.1367534085472026	0.12491536733228296	0.25360222127069443	-0.03173890194493988	-0.035094880618043243	-0.11336369213937705	0.16286471660949423	0.15037037156068306	0.3029433459106587	0.17229816382179922	0.0645449476801974	0.0525267422787004	0.07000152020930094	-0.14147494069810654	0.00492215886245844	-0.06141821381071065	0.1308933701293649	0.10875556516881109	0.010149539653179572	-0.0788257617468727	0.0928070305512299	-0.1056740889577914	-0.056469528541865675	0.0031287068029831598	-0.11950352571521107
INPP4B	-0.06390075118745397	0.03218366420567342	-0.19770857129439676	-0.16990700863541983	0.07243461104343006	0.15070764405513548	-0.20714348022068635	-0.2098688551931646	0.03688479650917989	0.0651425087910135	0.06046414097115274	0.0056892238960967135	-0.25467384766935436	-0.01299127414944548	0.09400521141055325	-0.03900999984031346	0.1028153855002836	-0.0443080307937372	-0.12027121338751116	-0.23784506663200966	0.2823300804575037	-0.08885179568973534	0.06312036610636722	-0.16514144944092501	-0.35378223137692255	-0.18894582948770997	0.1676697003932513	-0.03922574028313339	-0.029334720701491204	1.0	0.1423949251891714	0.07477986254587224	0.1145347165301197	-0.056977527536866725	-0.16767892989115882	0.1019767870885873	0.12248139204852215	0.12463481968402991	-0.17543964679880236	-0.09021030197216938	-0.25041741088602254	-0.44112026146695044	0.09436401681624011	-0.24642106335413802	0.001169461972383513	-0.1372333701537748	0.02791142516570443	0.19405924288780935	0.13828991688901826	-0.044599159843512155	0.2583567539470635	-0.13785680551103865	0.07292183974236759	-0.06912114133290845	-0.20930361326413374	-0.055770499356092955	-0.07538786242882889	-0.07539722833788638	0.16825243432977496	-0.07766085234118515	0.5384893973709677	-0.3050512288272496
IRF1	0.08414298693628726	-0.12509059537979034	-0.010444892025829098	0.07212159360259383	0.028365112047393802	0.10635560293706474	0.0011599420660924546	0.031599684660263215	0.18549432910458233	-0.038055618407748106	0.0731333080744157	-0.1043204150992599	-0.09219203102126625	0.07375467136912858	0.04653047146106701	0.0039502996641897214	0.2202843402791377	0.08694106180253353	-0.081673102178072	-0.14709067053582736	-0.17223336311099663	0.2526498376274343	0.14614734344036576	0.10662816987966328	0.014358746401802352	0.04763523976761244	0.2195313997623841	0.08944349912717725	0.08861967805526194	0.1423949251891714	1.0	-0.15159546225857332	0.2917159843167543	0.2995380745784527	-0.05320219315299377	0.031167448777249765	-0.20333579067476926	-0.001660601395669781	-0.04592598044816671	0.08253196185099776	-0.0988256544879473	0.006177345968363199	-0.05852604683494899	0.07334838279912692	0.06839681345886543	0.27737495574277876	0.13154618491187242	0.132799486008006	0.11560921878402657	-0.010883917574594554	-0.03739415276168146	0.273258431445708	0.25829878468878054	-0.04479892308089149	0.019843543884708003	-0.2722356450476634	0.12251555685662419	0.02077067126788375	-0.03016396011686267	0.08153204968070484	-0.061680598304098395	-0.051734152598413255
